4.509270000e-01 -8.925350000e-01 6.799890000e-03 -3.480467039e+00 -9.456420000e-02 -4.019740000e-02 9.947070000e-01 -1.196483231e+00 -8.875370000e-01 -4.491830000e-01 -1.025280000e-01 -9.844835207e+00
5.822260000e-01 -8.130270000e-01 -1.487520000e-04 -2.965658125e-01 -9.838660000e-02 -7.063830000e-02 9.926380000e-01 -1.424097432e+00 -8.070520000e-01 -5.779250000e-01 -1.211180000e-01 -1.034111258e+01
6.667790000e-01 -7.449500000e-01 2.133400000e-02 2.150641032e+00 -8.313840000e-02 -4.590570000e-02 9.954800000e-01 -1.190312457e+00 -7.406030000e-01 -6.655390000e-01 -9.254290000e-02 -1.071194170e+01
7.951630000e-01 -6.063770000e-01 -4.771030000e-03 5.848478474e+00 -5.019500000e-02 -7.365930000e-02 9.960190000e-01 -9.988201110e-01 -6.043140000e-01 -7.917590000e-01 -8.900820000e-02 -1.011652963e+01
8.908560000e-01 -4.542830000e-01 -1.584340000e-03 9.318103766e+00 -2.116380000e-02 -4.498570000e-02 9.987630000e-01 -5.444752357e-01 -4.537930000e-01 -8.897210000e-01 -4.969010000e-02 -9.015994315e+00
9.627420000e-01 -2.703990000e-01 3.447090000e-03 1.273456285e+01 -1.605480000e-02 -4.442830000e-02 9.988840000e-01 -4.609886629e-01 -2.699440000e-01 -9.617230000e-01 -4.711420000e-02 -7.012181830e+00
9.949150000e-01 -1.007150000e-01 1.175360000e-03 1.548363555e+01 -4.620050000e-03 -3.397590000e-02 9.994120000e-01 -2.396540491e-01 -1.006160000e-01 -9.943350000e-01 -3.426840000e-02 -4.728912926e+00
9.955350000e-01 9.438150000e-02 -1.705780000e-03 1.786883403e+01 3.721000000e-03 -2.118000000e-02 9.997690000e-01 -3.811940739e-02 9.432350000e-02 -9.953110000e-01 -2.143660000e-02 -1.682456850e+00
9.289420000e-01 3.701160000e-01 8.950960000e-03 1.964972514e+01 9.562980000e-04 -2.657580000e-02 9.996460000e-01 -7.492214063e-02 3.702230000e-01 -9.286050000e-01 -2.504140000e-02 3.720733880e+00
8.413700000e-01 5.402620000e-01 1.458640000e-02 2.012705806e+01 8.601370000e-03 -4.037090000e-02 9.991480000e-01 2.413951787e-02 5.403910000e-01 -8.405280000e-01 -3.861390000e-02 7.440508310e+00
7.073500000e-01 7.065340000e-01 2.157490000e-02 1.967050566e+01 2.182790000e-02 -5.234030000e-02 9.983910000e-01 2.217569194e-01 7.065260000e-01 -7.057410000e-01 -5.244510000e-02 1.142904228e+01
