4.509270000e-01 -9.456420000e-02 -8.875370000e-01 -7.281370000e+00 -8.925350000e-01 -4.019740000e-02 -4.491830000e-01 -7.576670000e+00 6.799890000e-03 9.947070000e-01 -1.025280000e-01 2.044460000e-01
5.822260000e-01 -9.838660000e-02 -8.070520000e-01 -8.313260000e+00 -8.130270000e-01 -7.063830000e-02 -5.779250000e-01 -6.318100000e+00 -1.487520000e-04 9.926380000e-01 -1.211180000e-01 1.610700000e-01
6.667790000e-01 -8.313840000e-02 -7.406030000e-01 -9.466270000e+00 -7.449500000e-01 -4.590570000e-02 -6.655390000e-01 -5.581740000e+00 2.133400000e-02 9.954800000e-01 -9.254290000e-02 1.477360000e-01
7.951630000e-01 -5.019500000e-02 -6.043140000e-01 -1.081420000e+01 -6.063770000e-01 -7.365930000e-02 -7.917590000e-01 -4.537040000e+00 -4.771030000e-03 9.960190000e-01 -8.900820000e-02 1.222930000e-01
8.908560000e-01 -2.116380000e-02 -4.537930000e-01 -1.240400000e+01 -4.542830000e-01 -4.498570000e-02 -8.897210000e-01 -3.813150000e+00 -1.584340000e-03 9.987630000e-01 -4.969010000e-02 1.105590000e-01
9.627420000e-01 -1.605480000e-02 -2.699440000e-01 -1.416040000e+01 -2.703990000e-01 -4.442830000e-02 -9.617230000e-01 -3.320840000e+00 3.447090000e-03 9.988840000e-01 -4.711420000e-02 8.620320000e-02
9.949150000e-01 -4.620050000e-03 -1.006160000e-01 -1.588180000e+01 -1.007150000e-01 -3.397590000e-02 -9.943350000e-01 -3.150830000e+00 1.175360000e-03 9.994120000e-01 -3.426840000e-02 5.926190000e-02
9.955350000e-01 3.721000000e-03 9.432350000e-02 -1.763020000e+01 9.438150000e-02 -2.118000000e-02 -9.953110000e-01 -3.361860000e+00 -1.705780000e-03 9.997690000e-01 -2.143660000e-02 3.252470000e-02
9.289420000e-01 9.562980000e-04 3.702230000e-01 -1.963090000e+01 3.701160000e-01 -2.657580000e-02 -9.286050000e-01 -3.819580000e+00 8.950960000e-03 9.996460000e-01 -2.504140000e-02 -7.816030000e-03
8.413700000e-01 8.601370000e-03 5.403910000e-01 -2.095530000e+01 5.402620000e-01 -4.037090000e-02 -8.405280000e-01 -4.618970000e+00 1.458640000e-02 9.991480000e-01 -3.861390000e-02 -3.039310000e-02
7.073500000e-01 2.182790000e-02 7.065260000e-01 -2.199370000e+01 7.065340000e-01 -5.234030000e-02 -7.057410000e-01 -5.820330000e+00 2.157490000e-02 9.983910000e-01 -5.244510000e-02 -4.639310000e-02
